15 18 25 27 29 06 11
08 11 14 24 31 05 06
04 05 16 21 31 09 11
05 22 25 28 30 03 12
21 22 25 26 34 01 09
01 03 27 32 34 01 07
02 08 10 15 27 02 08
15 18 19 24 26 05 09
04 06 11 20 30 03 05
04 05 28 34 35 04 11
08 13 16 17 33 02 10
03 05 07 09 12 05 08
02 06 18 19 27 08 09
07 09 12 23 29 01 02
01 06 08 27 32 03 04
03 09 17 26 35 02 07
05 06 17 18 33 11 12
01 16 17 21 29 01 06
11 12 20 21 27 02 12
06 07 19 33 34 03 08
14 18 19 26 31 02 07
06 10 12 32 33 06 07
05 14 18 25 35 01 10
09 20 23 29 33 02 10
04 13 15 17 32 10 12
04 22 25 30 31 04 05
01 02 09 19 30 01 02
15 16 25 31 34 05 09
07 12 20 28 31 09 10
04 19 21 30 31 06 12
13 23 27 30 34 06 09
05 18 22 28 29 09 12
10 15 22 27 33 01 12
10 18 25 28 33 05 11
03 04 12 15 23 02 06
03 07 21 22 24 06 07
13 20 27 29 30 01 07
09 23 25 27 33 06 12
01 05 07 12 13 02 06
04 07 08 18 19 02 06
07 12 17 26 34 02 06
07 25 26 29 32 02 08
06 18 23 27 32 06 10
02 14 16 28 30 02 07
01 07 09 25 29 10 12
05 11 15 23 33 01 09
02 08 16 31 34 01 10
04 08 10 14 21 04 10
06 07 13 25 33 05 08
05 07 15 18 20 03 04
01 03 09 18 29 04 09
07 10 23 31 34 02 10
02 25 27 30 35 01 10
06 08 30 32 33 03 10
01 11 17 22 27 02 09
03 12 15 28 35 02 12
04 09 11 13 17 07 08
01 12 21 22 31 02 09
05 06 17 30 32 02 08
01 12 15 16 18 03 10
16 24 26 28 31 01 06
07 08 19 20 25 02 11
06 15 16 32 33 08 10
08 11 19 31 32 08 11
02 04 07 16 33 07 11
06 14 16 17 28 07 10
04 06 13 19 35 09 11
09 11 13 22 23 06 07
02 07 15 30 34 05 09
06 07 18 20 22 03 09
06 07 14 21 31 03 10
08 19 28 32 34 03 07
12 19 22 28 32 08 12
11 14 17 19 21 01 05
03 16 21 26 32 03 12
06 16 18 28 29 07 11
08 11 12 19 35 11 12
03 12 20 26 35 02 12
08 14 16 22 24 09 12
03 04 16 19 24 04 05
03 11 15 20 35 07 11
11 12 26 31 35 05 07
03 05 08 24 32 07 08
13 15 21 25 32 09 10
02 08 09 15 20 03 09
05 06 23 28 35 07 10
01 02 09 16 30 01 11
06 08 26 29 34 05 08
02 03 06 26 27 07 08
05 16 18 26 35 03 06
08 09 11 26 34 02 07
07 17 20 23 32 05 11
03 13 22 29 34 02 09
15 25 28 30 35 08 10
05 06 09 11 14 02 04
02 11 12 32 34 10 12
10 26 29 32 33 03 11
08 20 21 25 32 05 07
21 22 24 27 31 07 08
02 28 30 33 35 02 10
