第01组: [ 10 , 20 , 24 , 33 , 35 ] [ 07 , 10 ] 
第02组: [ 13 , 16 , 22 , 26 , 35 ] [ 04 , 06 ] 
第03组: [ 04 , 06 , 21 , 26 , 28 ] [ 06 , 10 ] 
第04组: [ 03 , 04 , 07 , 12 , 23 ] [ 05 , 07 ] 
第05组: [ 07 , 17 , 20 , 23 , 31 ] [ 02 , 08 ] 
第06组: [ 02 , 07 , 21 , 30 , 32 ] [ 06 , 10 ] 
第07组: [ 04 , 06 , 11 , 30 , 35 ] [ 03 , 07 ] 
第08组: [ 01 , 10 , 11 , 26 , 28 ] [ 05 , 08 ] 
第09组: [ 02 , 07 , 11 , 30 , 32 ] [ 04 , 10 ] 
第10组: [ 08 , 22 , 23 , 28 , 35 ] [ 05 , 10 ] 
第11组: [ 08 , 09 , 13 , 23 , 33 ] [ 03 , 07 ] 
第12组: [ 03 , 09 , 12 , 20 , 32 ] [ 05 , 09 ] 
第13组: [ 08 , 09 , 22 , 23 , 32 ] [ 01 , 08 ] 
第14组: [ 01 , 10 , 21 , 22 , 24 ] [ 04 , 08 ] 
第15组: [ 01 , 04 , 08 , 20 , 28 ] [ 02 , 07 ] 
第16组: [ 03 , 04 , 08 , 09 , 20 ] [ 07 , 10 ] 
第17组: [ 02 , 03 , 10 , 11 , 28 ] [ 03 , 08 ] 
第18组: [ 12 , 22 , 26 , 30 , 31 ] [ 07 , 09 ] 
第19组: [ 12 , 17 , 24 , 28 , 30 ] [ 04 , 08 ] 
第20组: [ 01 , 02 , 03 , 16 , 17 ] [ 04 , 09 ] 
第21组: [ 03 , 07 , 31 , 34 , 35 ] [ 06 , 09 ] 
第22组: [ 03 , 16 , 20 , 22 , 32 ] [ 01 , 08 ] 
第23组: [ 07 , 10 , 17 , 20 , 30 ] [ 05 , 09 ] 
第24组: [ 03 , 30 , 33 , 34 , 35 ] [ 03 , 10 ] 
第25组: [ 02 , 08 , 20 , 31 , 32 ] [ 04 , 10 ] 
第26组: [ 16 , 24 , 28 , 32 , 34 ] [ 03 , 07 ] 
第27组: [ 02 , 08 , 23 , 33 , 35 ] [ 07 , 09 ] 
第28组: [ 02 , 09 , 13 , 23 , 24 ] [ 03 , 09 ] 
第29组: [ 06 , 10 , 13 , 19 , 20 ] [ 05 , 11 ] 
第30组: [ 04 , 09 , 23 , 34 , 35 ] [ 07 , 09 ] 
第31组: [ 02 , 19 , 24 , 26 , 35 ] [ 06 , 10 ] 
第32组: [ 06 , 17 , 19 , 23 , 33 ] [ 04 , 09 ] 
第33组: [ 04 , 12 , 19 , 26 , 34 ] [ 04 , 10 ] 
第34组: [ 06 , 08 , 09 , 28 , 34 ] [ 05 , 10 ] 
第35组: [ 01 , 02 , 11 , 19 , 21 ] [ 04 , 10 ] 
第36组: [ 01 , 02 , 03 , 26 , 35 ] [ 04 , 11 ] 
第37组: [ 01 , 02 , 11 , 20 , 31 ] [ 03 , 10 ] 
第38组: [ 01 , 02 , 23 , 26 , 34 ] [ 03 , 09 ] 
第39组: [ 01 , 02 , 06 , 09 , 24 ] [ 03 , 10 ] 
第40组: [ 05 , 07 , 17 , 33 , 35 ] [ 05 , 09 ] 
第41组: [ 05 , 07 , 12 , 16 , 19 ] [ 04 , 07 ] 
第42组: [ 02 , 07 , 10 , 17 , 21 ] [ 04 , 11 ] 
第43组: [ 10 , 14 , 21 , 28 , 34 ] [ 05 , 11 ] 
第44组: [ 01 , 02 , 05 , 26 , 28 ] [ 02 , 08 ] 
第45组: [ 16 , 21 , 22 , 28 , 35 ] [ 04 , 07 ] 
第46组: [ 10 , 16 , 22 , 23 , 32 ] [ 05 , 11 ] 
第47组: [ 09 , 10 , 11 , 12 , 14 ] [ 05 , 07 ] 
第48组: [ 07 , 09 , 23 , 31 , 35 ] [ 05 , 12 ] 
第49组: [ 04 , 07 , 10 , 12 , 20 ] [ 04 , 08 ] 
第50组: [ 12 , 16 , 19 , 26 , 35 ] [ 05 , 11 ] 
